t,conf,xyxy
0,0.5355377,"[0,262,40,314]"
10,0.5117386,"[0,261,39,314]"
20,0.5475066,"[74,216,106,243]"
30,0.4255974,"[144,174,180,212]"
40,0.43245792,"[169,130,266,199]"
50,0.43415368,"[0,165,204,319]"
60,0.5892892,"[32,175,70,216]"
70,0.40934575,"[17,190,59,232]"
80,0.55542207,"[99,142,192,206]"
90,0.45611688,"[61,200,199,310]"
100,0.44072175,"[62,202,98,239]"
110,0.38005883,"[104,212,152,257]"
120,0.4322276,"[336,258,377,305]"
130,0.4432859,"[325,194,377,244]"
140,0.61305237,"[319,184,370,234]"
150,0.45149755,"[38,112,138,216]"
160,0.50293225,"[0,10,272,263]"
170,0.42843887,"[292,163,348,215]"
180,0.5602967,"[278,158,335,208]"
190,0.56230175,"[277,153,333,210]"
200,0.54275626,"[279,157,335,212]"
210,0.42670834,"[233,217,292,290]"
220,0.5498329,"[326,229,376,277]"
230,0.6113,"[78,164,109,191]"
240,0.62424505,"[128,236,234,318]"
250,0.65694106,"[158,238,247,319]"
260,0.704201,"[176,226,258,314]"
270,0.634081,"[182,227,260,306]"
280,0.7952196,"[215,239,305,318]"
290,0.61413485,"[154,226,247,317]"
300,0.47724214,"[113,152,145,178]"
310,0.40831417,"[157,266,229,319]"
320,0.41125357,"[166,241,235,307]"
330,0.3992988,"[184,215,253,282]"
340,0.4318968,"[178,198,250,268]"
350,0.4232067,"[176,195,247,265]"
360,0.50103927,"[267,121,317,172]"
370,0.3864146,"[0,140,55,190]"
380,0.4180681,"[266,117,317,170]"
390,0.4073092,"[9,183,70,263]"
400,0.4368708,"[367,155,425,240]"
410,0.4403648,"[270,107,324,162]"
420,0.43097368,"[272,110,324,164]"
430,0.4596693,"[172,192,247,265]"
440,0.4431884,"[170,196,247,271]"
450,0.45581055,"[268,112,322,167]"
460,0.45810756,"[167,197,244,273]"
470,0.41621926,"[0,144,43,192]"
480,0.46351898,"[136,215,223,309]"
490,0.6442013,"[56,152,97,197]"
500,0.573755,"[127,197,217,279]"
510,0.64758927,"[157,168,234,237]"
520,0.58243495,"[163,176,236,243]"
530,0.5981413,"[165,194,246,268]"
540,0.6952801,"[262,278,303,318]"
550,0.6091301,"[173,211,257,291]"
560,0.6427148,"[187,217,274,297]"
570,0.6342785,"[223,273,325,319]"
580,0.5619471,"[258,193,366,281]"
590,0.39826617,"[175,259,258,319]"
600,0.42497006,"[167,243,243,315]"
610,0.41853186,"[177,213,258,289]"
620,0.4445629,"[282,113,336,169]"
630,0.45717883,"[286,106,337,163]"
640,0.47098032,"[281,105,336,163]"
650,0.37512398,"[0,164,61,252]"
660,0.5187153,"[276,103,331,161]"
670,0.578337,"[272,108,326,164]"
680,0.4096111,"[105,189,187,290]"
690,0.44496933,"[62,132,106,177]"
700,0.4963207,"[120,206,216,298]"
710,0.5361301,"[164,182,249,260]"
720,0.6655196,"[180,175,258,248]"
730,0.6902971,"[83,185,118,218]"
740,0.7155422,"[90,184,126,219]"
750,0.5827878,"[230,196,298,264]"
760,0.46321383,"[274,155,330,212]"
770,0.54001695,"[67,138,109,176]"
780,0.6289247,"[86,122,138,168]"
790,0.73337686,"[72,146,138,209]"
800,0.56434125,"[35,187,113,271]"
810,0.4900197,"[2,210,78,304]"
820,0.45400324,"[335,106,420,178]"
830,0.4422198,"[126,105,210,233]"
840,0.4368195,"[0,238,58,318]"
850,0.54900557,"[194,193,323,247]"
860,0.35869262,"[234,224,262,242]"
870,0.38186795,"[229,236,255,252]"
880,0.37664366,"[330,149,409,218]"
890,0.4095349,"[369,158,424,245]"
900,0.45141253,"[239,121,273,142]"
910,0.42524517,"[350,58,425,133]"
920,0.55530965,"[0,190,41,286]"
930,0.52534235,"[372,145,425,235]"
940,0.5304823,"[279,101,339,162]"
950,0.50085074,"[386,156,424,247]"
960,0.5268649,"[1,194,65,288]"
970,0.4424458,"[288,119,346,178]"
980,0.526798,"[108,133,155,184]"
990,0.45212656,"[275,121,333,180]"
1000,0.45058694,"[369,159,425,242]"
1010,0.39944863,"[353,154,425,238]"
1020,0.42426988,"[230,166,261,185]"
1030,0.43954864,"[82,135,127,184]"
1040,0.41157034,"[81,133,127,181]"
1050,0.3780719,"[229,160,259,181]"
1060,0.44268256,"[232,178,262,197]"
1070,0.42743537,"[65,159,372,319]"
1080,0.4074423,"[235,179,264,199]"
1090,0.41006285,"[357,178,425,261]"
1100,0.47105893,"[362,183,425,269]"
1110,0.49131644,"[0,220,59,307]"
1120,0.480158,"[268,160,321,214]"
1130,0.39217687,"[1,144,64,207]"
1140,0.5010301,"[61,194,125,266]"
1150,0.6229148,"[77,190,144,260]"
1160,0.43783233,"[54,198,117,266]"
1170,0.4418642,"[336,159,420,223]"
1180,0.40344676,"[0,219,56,288]"
1190,0.4587067,"[192,164,245,211]"
1200,0.38071373,"[251,133,326,187]"
1210,0.419144,"[148,167,192,212]"
1220,0.50526583,"[125,185,170,231]"
1230,0.50513726,"[205,160,297,218]"
1240,0.42809784,"[211,165,310,225]"
1250,0.35194272,"[307,194,363,243]"
1260,0.6391358,"[94,176,140,224]"
1270,0.5062146,"[75,170,122,218]"
1280,0.5350041,"[228,191,347,290]"
1290,0.48529828,"[68,124,111,187]"
1300,0.5387531,"[209,180,245,208]"
1310,0.58476794,"[124,204,189,266]"
1320,0.5537588,"[112,223,193,305]"
1330,0.51170576,"[112,249,216,318]"
1340,0.5068874,"[136,177,249,283]"
1350,0.7320076,"[113,64,162,113]"
1360,0.64757955,"[110,69,159,119]"
1370,0.6940856,"[116,83,163,131]"
1380,0.68377846,"[89,99,136,146]"
1390,0.5585669,"[162,115,281,236]"
1400,0.612211,"[33,87,81,138]"
1410,0.7556536,"[153,131,273,246]"
1420,0.64880437,"[138,102,281,249]"
1430,0.59762174,"[133,127,282,276]"
1440,0.6142446,"[144,148,273,279]"
1450,0.6268795,"[151,145,270,261]"
1460,0.6572491,"[157,134,256,217]"
1470,0.6769408,"[157,129,244,208]"
1480,0.7260462,"[151,136,232,208]"
1490,0.6951532,"[151,145,227,212]"
1500,0.7003156,"[160,140,235,204]"
1510,0.64243156,"[165,132,242,198]"
1520,0.6997049,"[157,121,238,190]"
1530,0.6693121,"[154,121,236,191]"
1540,0.7020621,"[149,115,233,187]"
1550,0.64542216,"[126,93,210,163]"
1560,0.70333254,"[99,68,183,138]"
1570,0.69977915,"[90,49,178,123]"
1580,0.6852602,"[115,47,205,119]"
1590,0.69937104,"[123,47,213,118]"
1600,0.69038755,"[114,26,210,101]"
1610,0.6832862,"[110,47,201,122]"
1620,0.69598275,"[114,57,208,136]"
1630,0.70156616,"[110,62,206,145]"
1640,0.65185606,"[107,63,208,152]"
1650,0.7483885,"[115,76,212,160]"
1660,0.7079399,"[116,78,214,164]"
1670,0.77614236,"[111,51,215,138]"
1680,0.7844235,"[118,57,220,144]"
1690,0.77266264,"[121,57,223,143]"
1700,0.7024051,"[123,73,217,152]"
1710,0.5774965,"[124,70,217,147]"
1720,0.6713568,"[124,58,220,138]"
1730,0.68356663,"[124,58,219,136]"
1740,0.7104499,"[128,62,223,139]"
1750,0.6788708,"[128,63,223,141]"
1760,0.7136361,"[127,63,221,139]"
1770,0.66616976,"[128,57,222,134]"
1780,0.6072644,"[175,78,263,151]"
1790,0.6967394,"[194,109,276,179]"
1800,0.5075547,"[150,119,231,186]"
1810,0.7036388,"[78,138,156,207]"
1820,0.7167181,"[78,143,156,210]"
1830,0.615106,"[113,112,194,182]"
1840,0.61359715,"[135,93,221,164]"
1850,0.71028394,"[142,62,236,139]"
1860,0.6815812,"[140,8,248,89]"
1870,0.78461635,"[129,4,236,82]"
1880,0.7329264,"[116,9,214,81]"
1890,0.7738027,"[129,9,226,78]"
1900,0.74641305,"[151,30,248,102]"
1910,0.7839752,"[150,2,263,84]"
1920,0.6387638,"[129,0,255,30]"
1930,0.59858197,"[132,0,240,15]"
1940,0.6742053,"[130,0,262,35]"
1950,0.7287039,"[138,0,263,49]"
1960,0.75637496,"[148,0,264,77]"
1970,0.7710335,"[156,10,267,92]"
1980,0.76817954,"[162,0,278,79]"
1990,0.7354519,"[163,0,286,61]"
2000,0.6651555,"[147,0,269,55]"
2010,0.7429256,"[147,0,258,70]"
2020,0.77619374,"[133,0,245,69]"
2030,0.74686986,"[132,43,227,115]"
2040,0.7150048,"[121,65,208,133]"
2050,0.7630272,"[123,74,210,145]"
2060,0.725986,"[128,75,215,146]"
2070,0.70338696,"[131,81,218,151]"
2080,0.7144954,"[118,92,201,160]"
2090,0.6138411,"[57,133,128,200]"
2100,0.5340979,"[1,145,113,263]"
2110,0.6729717,"[80,166,115,203]"
2120,0.5632169,"[73,142,111,183]"
2130,0.6175092,"[148,205,262,312]"
2140,0.4478588,"[144,191,266,306]"
2150,0.5028128,"[0,100,46,215]"
2160,0.39747244,"[3,244,72,309]"
2170,0.45449668,"[81,118,118,160]"
2180,0.46839443,"[0,159,45,223]"
2190,0.54088646,"[131,125,168,161]"
2200,0.6482804,"[204,126,243,164]"
2210,0.71284634,"[241,131,276,163]"
2220,0.7297217,"[111,117,180,175]"
2230,0.7888909,"[135,112,205,169]"
2240,0.58204794,"[324,157,418,279]"
2250,0.5419741,"[384,109,418,152]"
2260,0.5336196,"[0,248,38,308]"
2270,0.6862352,"[353,278,390,318]"
2280,0.39787456,"[0,164,56,209]"
2290,0.47816232,"[94,183,293,250]"
2300,0.6387762,"[76,155,299,289]"
2310,0.6228836,"[79,155,296,296]"
2320,0.41046572,"[66,177,272,279]"
2330,0.65104246,"[289,213,338,250]"
2340,0.44012204,"[244,47,274,83]"
2350,0.44056627,"[309,172,378,259]"
2360,0.46948048,"[160,112,193,147]"
2370,0.63306457,"[93,115,132,155]"
2380,0.6378439,"[160,158,231,218]"
2390,0.59242386,"[137,178,208,240]"
2400,0.4954845,"[22,158,57,196]"
2410,0.66838205,"[209,177,244,211]"
2420,0.5478642,"[105,182,179,250]"
2430,0.64073765,"[120,182,193,249]"
2440,0.6451504,"[121,181,196,248]"
2450,0.71332294,"[131,170,207,239]"
2460,0.6562873,"[136,106,220,180]"
2470,0.67827183,"[143,95,227,166]"
2480,0.57397157,"[130,98,209,163]"
2490,0.62634945,"[119,54,207,125]"
2500,0.7370553,"[119,50,209,121]"
2510,0.7168981,"[120,42,214,114]"
2520,0.7016546,"[118,44,210,117]"
2530,0.7162781,"[114,55,205,130]"
2540,0.66216135,"[114,67,202,140]"
2550,0.6676691,"[124,89,205,156]"
2560,0.62516,"[134,93,213,158]"
2570,0.6623372,"[135,89,217,155]"
2580,0.6348854,"[133,88,215,155]"
2590,0.58143467,"[131,90,214,158]"
2600,0.6540414,"[134,106,214,173]"
2610,0.561084,"[128,127,205,192]"
2620,0.46928,"[225,127,260,158]"
2630,0.7179364,"[111,137,186,204]"
2640,0.67472106,"[126,133,200,198]"
2650,0.70243293,"[156,139,229,200]"
2660,0.72514516,"[179,135,252,197]"
2670,0.7221688,"[186,134,259,197]"
2680,0.6112737,"[213,131,283,193]"
2690,0.5257195,"[241,121,361,229]"
2700,0.58558184,"[195,84,240,129]"
2710,0.5510521,"[333,130,390,202]"
2720,0.56661624,"[342,156,395,227]"
2730,0.43657514,"[351,190,404,264]"
2740,0.58798707,"[352,170,405,247]"
2750,0.41183907,"[66,16,109,52]"
2760,0.42864183,"[62,21,104,58]"
2770,0.52483803,"[348,112,399,187]"
2780,0.5335388,"[56,20,98,59]"
2790,0.4992509,"[346,110,398,185]"
2800,0.57602596,"[349,113,402,188]"
2810,0.45964366,"[68,36,108,72]"
2820,0.5088995,"[345,106,424,223]"
2830,0.64099586,"[360,139,412,216]"
2840,0.6315277,"[360,139,413,217]"
2850,0.5916269,"[359,136,411,214]"
2860,0.521004,"[348,108,424,227]"
2870,0.555852,"[347,106,425,227]"
2880,0.54747725,"[348,112,424,229]"
2890,0.4942401,"[69,57,108,96]"
2900,0.5461957,"[359,140,413,217]"
2910,0.490882,"[359,138,413,215]"
2920,0.51665246,"[359,137,412,214]"
2930,0.5207495,"[68,57,107,95]"
2940,0.5832732,"[358,132,411,209]"
2950,0.5279316,"[344,94,424,212]"
2960,0.5224584,"[353,118,407,196]"
2970,0.5143963,"[351,120,407,197]"
2980,0.5299541,"[352,121,406,197]"
2990,0.48745516,"[333,94,424,212]"
3000,0.6100788,"[350,121,405,198]"
3010,0.4987029,"[352,121,409,199]"
3020,0.4791183,"[60,46,100,85]"
3030,0.6581997,"[347,115,404,193]"
3040,0.59718174,"[345,118,403,196]"
3050,0.5102916,"[347,122,405,202]"
3060,0.5201785,"[330,98,424,217]"
3070,0.41043434,"[352,119,409,199]"
3080,0.5265663,"[329,97,424,213]"
3090,0.45843202,"[333,109,424,223]"
3100,0.5280808,"[343,111,424,227]"
3110,0.53229976,"[342,101,425,222]"
3120,0.44632706,"[363,115,415,195]"
3130,0.47688878,"[0,52,35,102]"
3140,0.5050889,"[342,89,424,209]"
3150,0.5067702,"[353,118,408,196]"
3160,0.4889373,"[340,99,424,214]"
3170,0.44569674,"[338,93,424,211]"
3180,0.5785664,"[352,117,409,196]"
3190,0.4141593,"[0,18,40,56]"
3200,0.4920295,"[359,77,415,161]"
3210,0.48325226,"[195,0,255,58]"
3220,0.6418408,"[340,97,397,169]"
3230,0.6319646,"[336,129,392,198]"
3240,0.60317284,"[329,141,386,208]"
3250,0.621618,"[321,141,375,204]"
3260,0.66149956,"[327,132,382,197]"
3270,0.67524123,"[336,118,390,188]"
3280,0.5542369,"[336,121,391,190]"
3290,0.69418716,"[333,119,389,188]"
3300,0.6892549,"[330,122,386,189]"
3310,0.6377112,"[328,126,385,193]"
3320,0.60260123,"[331,140,387,205]"
3330,0.69416916,"[327,140,383,204]"
3340,0.5119161,"[331,138,386,203]"
3350,0.52885056,"[333,138,389,204]"
3360,0.71956104,"[335,137,393,204]"
3370,0.43465728,"[337,135,394,203]"
3380,0.63224274,"[338,135,394,203]"
3390,0.68703616,"[327,138,384,205]"
3400,0.45478454,"[191,216,223,248]"
3410,0.7143001,"[184,130,254,194]"
3420,0.70677656,"[156,110,236,179]"
3430,0.78016585,"[166,88,252,160]"
3440,0.7337223,"[168,87,255,161]"
3450,0.7657913,"[165,87,253,163]"
3460,0.7623666,"[165,84,258,166]"
3470,0.7320328,"[170,91,262,173]"
3480,0.6489678,"[168,96,256,171]"
3490,0.740821,"[172,93,258,168]"
3500,0.7170285,"[176,90,264,167]"
3510,0.7378704,"[178,83,270,164]"
3520,0.75101984,"[170,91,258,167]"
3530,0.77984965,"[141,41,240,121]"
3540,0.77445793,"[150,34,253,117]"
3550,0.7770446,"[145,2,258,87]"
3560,0.8236782,"[141,1,256,87]"
3570,0.7654211,"[140,21,250,109]"
3580,0.77826744,"[149,19,260,107]"
3590,0.814631,"[153,16,264,103]"
3600,0.80127007,"[150,17,259,104]"
3610,0.79250413,"[146,14,254,99]"
3620,0.7689324,"[150,23,254,104]"
3630,0.76386297,"[154,18,260,101]"
3640,0.79228383,"[155,25,258,106]"
3650,0.7887839,"[151,12,258,94]"
3660,0.76650053,"[157,28,257,106]"
3670,0.78794837,"[158,13,264,96]"
3680,0.7314814,"[162,29,263,110]"
3690,0.732204,"[163,22,268,105]"
3700,0.71854055,"[168,32,268,114]"
3710,0.7167791,"[167,25,270,108]"
3720,0.7670214,"[173,36,271,116]"
3730,0.75208825,"[171,24,273,106]"
3740,0.73905176,"[159,47,252,122]"
3750,0.72376066,"[141,58,231,131]"
3760,0.7051442,"[135,64,225,137]"
3770,0.6897155,"[143,70,231,142]"
3780,0.66337,"[142,72,229,142]"
3790,0.58677673,"[91,101,168,166]"
3800,0.68570065,"[27,140,94,206]"
3810,0.6593023,"[146,113,185,150]"
3820,0.7086681,"[76,110,145,172]"
3830,0.75313073,"[136,102,212,165]"
3840,0.77491915,"[175,105,253,172]"
3850,0.7705486,"[174,98,258,172]"
3860,0.7606998,"[173,94,261,171]"
3870,0.78959584,"[173,91,262,170]"
3880,0.77980596,"[175,88,263,165]"
3890,0.75316,"[178,85,265,162]"
3900,0.79837596,"[178,89,263,163]"
3910,0.78801507,"[181,83,269,160]"
3920,0.79089814,"[179,84,265,160]"
3930,0.75325435,"[179,83,266,159]"
3940,0.72099024,"[178,80,266,157]"
3950,0.7866269,"[179,84,265,158]"
3960,0.75578123,"[181,79,270,158]"
3970,0.7865511,"[180,76,270,155]"
3980,0.7582504,"[178,75,268,154]"
3990,0.67604935,"[178,79,266,156]"
4000,0.7921815,"[181,79,268,156]"
4010,0.6921536,"[180,79,269,156]"
4020,0.78913224,"[181,86,266,160]"
4030,0.74751467,"[180,77,269,155]"
4040,0.77026784,"[181,81,268,158]"
4050,0.7411399,"[180,79,269,156]"
4060,0.7923784,"[180,91,265,165]"
4070,0.7516703,"[157,98,241,170]"
4080,0.78971046,"[146,98,231,170]"
4090,0.7758741,"[148,98,233,171]"
4100,0.72242004,"[154,96,238,169]"
4110,0.72789013,"[145,105,227,175]"
4120,0.6952085,"[80,137,153,202]"
4130,0.6766158,"[17,157,81,222]"
4140,0.6142264,"[126,138,163,170]"
4150,0.5977821,"[148,132,187,171]"
4160,0.7126571,"[83,128,153,190]"
4170,0.6884247,"[123,129,196,192]"
4180,0.7068724,"[161,123,237,188]"
4190,0.8143211,"[180,118,257,184]"
4200,0.77400714,"[169,111,249,180]"
4210,0.7168178,"[164,107,249,180]"
4220,0.71947414,"[167,106,252,180]"
4230,0.7548535,"[164,104,250,179]"
4240,0.7091229,"[164,104,249,178]"
4250,0.7707488,"[165,106,249,179]"
4260,0.74992865,"[166,107,250,179]"
4270,0.76591736,"[163,109,246,180]"
4280,0.7305744,"[163,103,248,176]"
4290,0.70649487,"[165,104,254,181]"
4300,0.78307647,"[167,77,261,159]"
4310,0.7334084,"[164,88,254,164]"
4320,0.7565575,"[167,86,256,163]"
4330,0.7528982,"[165,89,253,165]"
4340,0.74365854,"[169,91,255,165]"
4350,0.7466155,"[168,94,253,168]"
4360,0.77599454,"[168,93,254,166]"
4370,0.75808764,"[167,93,253,166]"
4380,0.7594169,"[167,96,252,169]"
4390,0.72208965,"[165,96,251,171]"
4400,0.6699084,"[168,98,253,172]"
4410,0.7313855,"[167,97,253,172]"
4420,0.72057277,"[168,94,254,168]"
4430,0.6971602,"[167,93,252,166]"
4440,0.7353283,"[165,94,250,166]"
4450,0.75823224,"[155,111,236,180]"
4460,0.67933774,"[144,116,224,185]"
4470,0.6501824,"[148,121,229,191]"
4480,0.74268335,"[156,115,241,189]"
4490,0.74007314,"[153,117,237,190]"
4500,0.6552886,"[88,141,163,209]"
4510,0.64374447,"[33,183,98,247]"
4520,0.65298903,"[2,193,60,257]"
4530,0.520243,"[137,159,174,195]"
4540,0.57744014,"[56,131,183,222]"
4550,0.6800308,"[170,149,236,205]"
4560,0.5747261,"[269,169,327,227]"
4570,0.639701,"[228,113,271,156]"
4580,0.5784843,"[247,104,299,157]"
4590,0.46142262,"[251,72,317,141]"
4600,0.5301522,"[116,24,172,138]"
4610,0.4942169,"[150,86,204,120]"
4620,0.52188414,"[147,74,204,111]"
4630,0.49377713,"[147,61,206,103]"
4640,0.5743527,"[174,0,301,76]"
4650,0.40349042,"[76,1,150,109]"
4660,0.57358456,"[73,14,143,107]"
4670,0.46717513,"[306,218,365,275]"
4680,0.49900147,"[134,56,185,96]"
4690,0.61116165,"[120,44,175,87]"
4700,0.5374807,"[124,60,174,99]"
4710,0.56640345,"[64,17,128,97]"
4720,0.59731644,"[161,0,262,64]"
4730,0.62073034,"[87,1,147,79]"
4740,0.5858233,"[177,5,264,89]"
4750,0.5618964,"[149,58,214,123]"
4760,0.47442916,"[154,25,226,97]"
4770,0.388031,"[132,112,167,133]"
4780,0.48004705,"[136,119,172,141]"
4790,0.4358828,"[307,123,414,230]"
4800,0.65964377,"[317,148,377,222]"
4810,0.5508992,"[299,154,359,222]"
4820,0.52493787,"[299,143,361,213]"
4830,0.44080758,"[143,88,205,149]"
4840,0.52112275,"[143,78,207,143]"
4850,0.476702,"[131,135,165,155]"
4860,0.48144802,"[131,138,164,159]"
4870,0.5489719,"[296,140,359,210]"
4880,0.68853843,"[99,115,152,170]"
4890,0.5872417,"[240,141,306,205]"
4900,0.64085877,"[213,144,276,199]"
4910,0.7380557,"[172,149,234,199]"
4920,0.6929444,"[110,161,171,209]"
4930,0.56299555,"[143,142,285,243]"
4940,0.6410106,"[0,244,59,318]"
4950,0.6654981,"[10,283,40,312]"
4960,0.44979817,"[170,206,215,294]"
4970,0.39300904,"[127,220,174,299]"
4980,0.6029097,"[0,299,52,318]"
4990,0.6402329,"[59,233,127,296]"
5000,0.59183705,"[94,186,123,215]"
5010,0.6443629,"[49,170,99,213]"
5020,0.61412495,"[143,156,175,186]"
5030,0.46692425,"[11,104,63,160]"
5040,0.57230115,"[92,102,261,190]"
5050,0.57764995,"[74,80,246,186]"
5060,0.57632023,"[56,61,238,180]"
5070,0.5073064,"[49,49,235,168]"
5080,0.54048795,"[136,58,239,149]"
5090,0.8201659,"[112,35,219,133]"
5100,0.50041324,"[378,110,424,178]"
5110,0.54546356,"[373,87,425,153]"
5120,0.65273225,"[397,100,425,162]"
5130,0.5320304,"[1,0,186,133]"
5140,0.48722503,"[8,0,200,125]"
5150,0.49703944,"[88,0,195,85]"
5160,0.5530104,"[92,0,203,86]"
5170,0.41820365,"[406,126,425,182]"
5180,0.44664103,"[78,91,236,189]"
5190,0.5441656,"[117,152,245,225]"
5200,0.5849141,"[110,181,242,248]"
5210,0.47813636,"[12,244,76,304]"
5220,0.66360855,"[144,163,177,194]"
5230,0.5791229,"[211,174,245,205]"
5240,0.72702396,"[183,150,237,193]"
5250,0.7116931,"[225,147,278,192]"
5260,0.62264335,"[193,155,249,202]"
5270,0.6575246,"[201,171,261,224]"
5280,0.59276104,"[226,185,290,243]"
5290,0.64101577,"[219,174,289,239]"
5300,0.6522981,"[186,183,254,244]"
5310,0.6614808,"[177,202,245,263]"
5320,0.70288676,"[210,209,276,272]"
5330,0.57597107,"[234,205,297,267]"
5340,0.71612406,"[219,207,286,271]"
5350,0.49821123,"[387,170,425,232]"
5360,0.58208746,"[189,210,260,279]"
5370,0.54412645,"[225,213,292,279]"
5380,0.43897644,"[285,222,341,285]"
5390,0.4958418,"[280,170,325,217]"
5400,0.53598726,"[102,146,138,175]"
5410,0.37260956,"[126,162,153,186]"
5420,0.41915402,"[163,173,202,208]"
5430,0.399072,"[42,264,97,318]"
5440,0.4397157,"[333,225,373,267]"
5450,0.44336614,"[321,199,360,241]"
5460,0.5304065,"[342,189,410,249]"
5470,0.45747447,"[155,149,194,190]"
5480,0.7132995,"[63,157,104,199]"
5490,0.7321625,"[155,163,217,214]"
5500,0.6994816,"[140,173,208,231]"
5510,0.5053143,"[142,173,212,234]"
5520,0.65622735,"[195,97,276,170]"
5530,0.62803537,"[224,75,307,152]"
5540,0.5429487,"[229,74,307,146]"
5550,0.7072628,"[225,79,299,146]"
5560,0.7013185,"[220,85,294,150]"
5570,0.7880485,"[224,82,299,150]"
5580,0.7651212,"[217,83,294,150]"
5590,0.729222,"[208,86,286,152]"
5600,0.7502963,"[195,86,274,153]"
5610,0.7091402,"[183,97,263,166]"
5620,0.72096825,"[155,122,232,187]"
5630,0.62061167,"[110,146,183,210]"
5640,0.4841416,"[250,143,409,289]"
5650,0.6394576,"[129,159,195,213]"
5660,0.52169454,"[156,158,221,212]"
5670,0.6145141,"[176,154,240,206]"
5680,0.6843813,"[182,157,246,211]"
5690,0.65432703,"[177,155,241,210]"
5700,0.6640826,"[193,148,258,203]"
5710,0.6624577,"[213,149,277,206]"
5720,0.49369204,"[291,167,390,283]"
5730,0.5459141,"[175,141,215,183]"
5740,0.5004376,"[213,276,242,314]"
5750,0.60766757,"[241,279,271,317]"
5760,0.3943731,"[337,279,375,319]"
5770,0.3457218,"[0,198,38,242]"
5780,0.50857157,"[0,185,51,232]"
5790,0.47693068,"[97,165,307,297]"
5800,0.5433055,"[105,171,310,292]"
5810,0.3716989,"[0,200,44,246]"
5820,0.53558666,"[320,229,363,264]"
5830,0.4064358,"[381,263,403,305]"
5840,0.51992923,"[300,157,334,196]"
5850,0.55903065,"[195,137,242,175]"
5860,0.5566081,"[186,146,239,187]"
5870,0.48514158,"[257,152,354,241]"
5880,0.57889044,"[201,125,258,174]"
5890,0.6635854,"[171,99,238,151]"
5900,0.69045806,"[129,87,194,132]"
5910,0.69616634,"[114,71,179,116]"
5920,0.6781889,"[98,54,172,105]"
5930,0.7092515,"[122,100,187,148]"
5940,0.69816494,"[123,144,184,192]"
5950,0.6638241,"[119,162,179,212]"
5960,0.69459194,"[138,162,199,214]"
5970,0.62364125,"[150,168,210,219]"
5980,0.6569151,"[141,167,204,219]"
5990,0.63036287,"[145,167,208,220]"
6000,0.7505961,"[125,154,190,208]"
6010,0.75199646,"[126,115,199,174]"
6020,0.69083655,"[137,93,213,155]"
6030,0.7042932,"[150,83,226,145]"
6040,0.7423848,"[141,82,216,141]"
6050,0.75648844,"[112,76,186,135]"
6060,0.7329167,"[110,84,183,142]"
6070,0.70752364,"[109,88,181,146]"
6080,0.6419643,"[109,95,180,153]"
6090,0.6285997,"[112,102,183,160]"
6100,0.6865819,"[114,107,185,165]"
6110,0.65913266,"[112,114,181,171]"
6120,0.57823735,"[109,117,177,175]"
6130,0.6018278,"[219,111,252,140]"
6140,0.60554343,"[107,125,174,182]"
6150,0.58354497,"[136,125,205,181]"
6160,0.7665388,"[177,111,246,170]"
6170,0.6925512,"[192,106,260,167]"
6180,0.7111564,"[200,120,265,180]"
6190,0.594309,"[220,132,284,193]"
6200,0.5025396,"[244,126,353,236]"
6210,0.62281805,"[281,129,342,195]"
6220,0.6226058,"[230,156,292,215]"
6230,0.7657179,"[208,167,271,222]"
6240,0.74521935,"[212,159,277,216]"
6250,0.7805083,"[207,156,272,212]"
6260,0.61202466,"[131,156,198,213]"
6270,0.5841962,"[74,170,139,229]"
6280,0.5227917,"[144,153,178,187]"
6290,0.63434076,"[131,147,166,183]"
6300,0.5112996,"[20,163,83,224]"
6310,0.594101,"[23,161,88,223]"
6320,0.59288645,"[26,160,91,223]"
6330,0.66461885,"[28,161,94,223]"
6340,0.6572915,"[34,161,99,222]"
6350,0.61307275,"[109,245,165,317]"
6360,0.6836726,"[114,245,169,317]"
6370,0.63397515,"[40,166,104,227]"
6380,0.65349805,"[113,247,165,316]"
6390,0.6577966,"[114,242,171,315]"
6400,0.6914487,"[112,242,170,315]"
6410,0.6524939,"[113,238,170,312]"
6420,0.69172925,"[119,238,180,312]"
6430,0.7071888,"[115,241,173,315]"
6440,0.7411384,"[120,239,182,311]"
6450,0.657745,"[135,242,189,312]"
6460,0.7447573,"[154,160,217,214]"
6470,0.6759538,"[153,168,217,223]"
6480,0.7188801,"[78,165,147,224]"
6490,0.6776745,"[38,149,110,213]"
6500,0.7763968,"[111,231,174,305]"
6510,0.6765186,"[46,152,114,213]"
6520,0.7053588,"[140,240,200,313]"
6530,0.62840974,"[155,169,223,226]"
6540,0.7059129,"[236,184,298,245]"
6550,0.6574241,"[264,201,324,262]"
6560,0.65378696,"[265,205,325,267]"
6570,0.67909414,"[259,205,321,268]"
6580,0.6098643,"[256,207,318,271]"
6590,0.5578785,"[160,195,231,260]"
6600,0.7550488,"[103,197,177,265]"
6610,0.69140786,"[35,210,107,278]"
6620,0.6718288,"[77,268,134,318]"
6630,0.5523998,"[125,175,160,205]"
6640,0.65488684,"[148,166,183,201]"
6650,0.6423241,"[206,207,337,286]"
6660,0.61792487,"[227,157,259,187]"
6670,0.77456856,"[122,151,186,205]"
6680,0.659393,"[127,175,193,231]"
6690,0.46650028,"[129,187,196,243]"
6700,0.610953,"[109,178,237,260]"
6710,0.4119417,"[108,187,172,249]"
6720,0.5961035,"[140,169,211,229]"
6730,0.7913013,"[185,164,253,223]"
6740,0.75146365,"[227,164,289,223]"
6750,0.45208865,"[21,134,256,314]"
6760,0.5855701,"[286,188,379,282]"
6770,0.5907576,"[115,152,152,180]"
6780,0.49387977,"[140,136,182,173]"
6790,0.45075664,"[139,108,168,136]"
6800,0.41891664,"[314,100,358,159]"
6810,0.45655409,"[262,147,294,169]"
6820,0.42120093,"[270,112,326,169]"
6830,0.5588986,"[66,132,108,176]"
6840,0.59290653,"[267,133,364,213]"
6850,0.68720675,"[220,137,284,199]"
6860,0.78913665,"[226,142,293,206]"
6870,0.58699393,"[281,158,340,221]"
6880,0.45079318,"[0,290,33,318]"
6890,0.39803746,"[87,97,133,142]"
6900,0.51986176,"[268,63,333,130]"
6910,0.47875375,"[358,129,424,222]"
6920,0.46413517,"[352,133,424,221]"
6930,0.3726733,"[351,139,424,225]"
6940,0.5049576,"[78,126,120,172]"
6950,0.42525065,"[258,117,312,172]"
6960,0.48393998,"[265,129,320,184]"
6970,0.5575728,"[267,138,322,195]"
6980,0.46350542,"[95,132,141,176]"
6990,0.4976197,"[86,131,131,175]"
7000,0.50024396,"[108,131,154,173]"
7010,0.5060099,"[101,131,147,174]"
7020,0.56390107,"[99,133,145,175]"
7030,0.47098848,"[116,132,162,174]"
7040,0.5170616,"[96,132,143,176]"
7050,0.5475378,"[111,131,158,174]"
7060,0.43499622,"[112,131,159,174]"
7070,0.45626593,"[262,151,317,208]"
7080,0.44556484,"[215,137,268,190]"
7090,0.5092519,"[263,169,312,222]"
7100,0.49095154,"[177,248,210,280]"
7110,0.54807925,"[202,160,268,219]"
7120,0.7540074,"[208,166,276,229]"
7130,0.6277695,"[256,171,317,233]"
7140,0.49247515,"[291,189,334,267]"
7150,0.45859227,"[65,155,102,196]"
7160,0.52663845,"[214,132,264,183]"
7170,0.43634573,"[208,130,259,183]"
7180,0.43894878,"[345,168,390,224]"
7190,0.52942735,"[53,149,90,194]"
7200,0.41604266,"[351,169,395,225]"
7210,0.48447543,"[333,133,420,220]"
7220,0.50490344,"[57,93,100,142]"
7230,0.4375348,"[378,177,412,245]"
7240,0.402745,"[72,102,118,152]"
7250,0.40425804,"[380,203,412,271]"
7260,0.5008997,"[82,110,128,158]"
7270,0.5903276,"[85,112,131,159]"
7280,0.46254772,"[83,117,128,164]"
7290,0.43089288,"[382,207,414,277]"
7300,0.4380821,"[250,109,311,171]"
7310,0.42279243,"[387,210,419,280]"
7320,0.49299154,"[89,121,133,168]"
7330,0.453966,"[82,85,130,135]"
7340,0.49814427,"[261,68,325,132]"
7350,0.5094004,"[262,83,323,145]"
7360,0.56873965,"[269,46,338,116]"
7370,0.5148513,"[71,56,121,107]"
7380,0.46545357,"[70,55,120,107]"
7390,0.43519065,"[261,47,327,115]"
7400,0.47364664,"[267,38,334,107]"
7410,0.4576326,"[66,46,118,100]"
7420,0.5577692,"[265,63,329,130]"
7430,0.5038221,"[265,70,330,136]"
7440,0.51003015,"[260,82,321,146]"
7450,0.42685053,"[384,195,416,263]"
7460,0.5641511,"[250,107,310,168]"
7470,0.5585133,"[242,105,303,168]"
7480,0.46968752,"[164,104,231,162]"
7490,0.6978563,"[285,128,340,184]"
7500,0.7086144,"[58,131,107,181]"
7510,0.62365675,"[20,156,68,207]"
7520,0.7044599,"[196,131,294,221]"
7530,0.74933106,"[213,114,317,211]"
7540,0.54952574,"[133,104,184,157]"
7550,0.52972865,"[140,191,215,266]"
7560,0.50367564,"[164,198,236,271]"
7570,0.5584108,"[239,108,297,168]"
7580,0.5881126,"[236,110,300,171]"
7590,0.53518987,"[235,107,296,169]"
7600,0.5056935,"[235,115,295,175]"
7610,0.4746992,"[83,135,124,178]"
7620,0.47708714,"[252,130,306,185]"
7630,0.41471353,"[99,143,142,184]"
7640,0.50137943,"[177,222,239,289]"
7650,0.4645993,"[114,140,157,181]"
7660,0.5057236,"[114,140,157,181]"
7670,0.5161636,"[258,144,314,198]"
7680,0.516653,"[157,234,229,300]"
7690,0.58327717,"[168,234,236,299]"
7700,0.5007933,"[150,124,238,302]"
7710,0.5159743,"[149,128,234,295]"
7720,0.530451,"[261,157,316,211]"
7730,0.49000823,"[148,135,240,310]"
7740,0.55029243,"[260,157,313,211]"
7750,0.46873233,"[156,235,226,304]"
7760,0.5233012,"[176,238,242,311]"
7770,0.5193821,"[255,149,313,204]"
7780,0.5466142,"[156,233,231,303]"
7790,0.6779915,"[166,236,238,307]"
7800,0.50990546,"[152,245,230,303]"
7810,0.57605547,"[145,146,192,194]"
7820,0.7049782,"[100,160,145,206]"
7830,0.47932285,"[44,187,87,233]"
7840,0.4560657,"[122,156,190,224]"
7850,0.66618884,"[10,191,57,237]"
7860,0.48685348,"[134,277,164,308]"
7870,0.61668926,"[212,156,276,221]"
7880,0.43545863,"[13,165,270,319]"
7890,0.5510148,"[114,157,149,186]"
7900,0.48557818,"[247,166,292,211]"
7910,0.49967548,"[110,165,147,199]"
7920,0.54146874,"[167,162,205,193]"
7930,0.4128511,"[226,156,266,191]"
7940,0.4356053,"[229,172,271,210]"
7950,0.36752087,"[234,184,274,222]"
7960,0.35198802,"[234,187,316,251]"
7970,0.36874688,"[359,207,404,254]"
7980,0.46552187,"[289,173,331,216]"
7990,0.40041956,"[187,142,227,184]"
8000,0.5354639,"[128,152,168,193]"
8010,0.6824587,"[97,158,137,199]"
8020,0.72091556,"[102,152,144,194]"
8030,0.57218456,"[29,172,58,200]"
8040,0.4758555,"[143,151,184,193]"
8050,0.43224356,"[47,160,78,189]"
8060,0.59265655,"[264,167,327,226]"
8070,0.5651644,"[271,170,329,228]"
8080,0.5143268,"[257,165,320,224]"
8090,0.41692078,"[377,128,424,184]"
8100,0.66242373,"[82,159,123,201]"
8110,0.60130703,"[195,153,257,211]"
8120,0.6901092,"[74,159,117,202]"
8130,0.71084565,"[64,164,106,207]"
8140,0.70878077,"[183,169,243,229]"
8150,0.5876413,"[179,171,242,233]"
8160,0.5098156,"[162,177,226,237]"
8170,0.5096189,"[166,180,230,239]"
8180,0.3727057,"[138,133,262,261]"
8190,0.44322363,"[175,166,243,231]"
8200,0.43016648,"[270,76,340,143]"
8210,0.51749605,"[178,89,265,174]"
8220,0.7001937,"[181,102,264,181]"
8230,0.54680437,"[174,149,251,204]"
8240,0.71348953,"[182,137,254,190]"
8250,0.549128,"[177,134,253,202]"
8260,0.73634505,"[179,126,255,192]"
8270,0.7486754,"[181,130,254,193]"
8280,0.7501429,"[178,129,250,190]"
8290,0.64127225,"[176,132,248,193]"
8300,0.7307015,"[174,133,245,193]"
8310,0.60151994,"[172,138,242,197]"
8320,0.7245109,"[157,141,228,201]"
8330,0.6823101,"[156,143,226,203]"
8340,0.7405382,"[187,143,257,205]"
8350,0.7358846,"[213,156,280,218]"
8360,0.7212704,"[257,175,319,237]"
8370,0.52228254,"[277,184,338,249]"
8380,0.50163734,"[287,177,392,283]"
8390,0.61625296,"[224,169,284,230]"
8400,0.6589739,"[151,157,218,217]"
8410,0.73734343,"[124,161,193,221]"
8420,0.70295155,"[97,168,167,229]"
8430,0.68108267,"[78,169,145,228]"
8440,0.6942731,"[37,154,102,211]"
8450,0.6044282,"[111,150,145,185]"
8460,0.69144875,"[106,158,140,193]"
8470,0.65264887,"[119,154,152,184]"
8480,0.72552884,"[39,130,103,186]"
8490,0.79733366,"[57,115,123,171]"
8500,0.6559804,"[17,118,81,180]"
8510,0.459993,"[51,103,83,134]"
8520,0.6769912,"[347,118,387,163]"
8530,0.6313903,"[349,118,398,165]"
8540,0.55344296,"[347,122,396,167]"
8550,0.6097589,"[0,169,28,237]"
8560,0.6663996,"[18,183,69,238]"
8570,0.7086524,"[41,171,97,221]"
8580,0.67637014,"[61,160,118,208]"
8590,0.64731914,"[0,99,25,143]"
8600,0.49588132,"[289,189,338,240]"
8610,0.43620792,"[278,88,312,143]"
8620,0.6667895,"[317,222,365,262]"
8630,0.56335855,"[343,273,384,309]"
8640,0.6530644,"[15,277,84,319]"
8650,0.52677095,"[21,282,100,319]"
8660,0.4100467,"[0,255,75,301]"
8670,0.34588963,"[0,204,56,319]"
8680,0.3686006,"[46,136,85,177]"
8690,0.42141786,"[15,171,44,200]"
8700,0.37410626,"[63,136,97,171]"
8710,0.36018008,"[0,201,97,318]"
8720,0.31340182,"[252,268,309,319]"
8730,0.323462,"[13,73,53,122]"
8740,0.363459,"[8,78,47,127]"
8750,0.38300762,"[139,98,213,150]"
8760,0.37643653,"[299,280,341,317]"
8770,0.37529564,"[90,115,116,133]"
8780,0.59030354,"[262,161,298,193]"
8790,0.569467,"[275,164,313,197]"
8800,0.49759632,"[289,166,368,239]"
8810,0.32487503,"[366,286,408,318]"
8820,0.32245302,"[26,141,52,163]"
8830,0.38425043,"[28,123,67,165]"
8840,0.35504907,"[283,214,351,247]"
8850,0.49507007,"[13,126,55,170]"
8860,0.43996,"[195,273,230,302]"
8870,0.5114761,"[188,261,223,308]"
8880,0.36558774,"[0,182,61,318]"
8890,0.47764054,"[192,267,229,314]"
8900,0.46512726,"[183,267,219,314]"
8910,0.43818846,"[190,265,226,312]"
8920,0.47849277,"[194,264,230,310]"
8930,0.3498689,"[0,187,70,318]"
8940,0.38741505,"[55,26,401,210]"
8950,0.45991728,"[42,285,112,318]"
8960,0.36058128,"[1,3,49,36]"
8970,0.34997284,"[88,125,109,145]"
8980,0.6275093,"[333,210,375,248]"
8990,0.64394706,"[303,190,341,225]"
9000,0.4371502,"[247,197,303,249]"
9010,0.63646793,"[129,146,172,177]"
9020,0.6448771,"[58,152,106,190]"
9030,0.5071785,"[108,127,139,153]"
9040,0.58261,"[3,130,57,183]"
9050,0.5099776,"[86,186,249,265]"
9060,0.51585335,"[24,143,93,225]"
9070,0.66731244,"[36,66,80,112]"
9080,0.50626814,"[45,68,88,108]"
9090,0.48924395,"[51,117,248,218]"
9100,0.49967924,"[59,140,248,238]"
9110,0.5253404,"[148,180,246,279]"
9120,0.56020224,"[59,131,101,177]"
9130,0.52900577,"[141,189,248,294]"
9140,0.52868986,"[63,130,105,176]"
9150,0.42965367,"[65,131,106,176]"
9160,0.5111023,"[148,173,250,274]"
9170,0.5713998,"[146,154,248,258]"
9180,0.6341117,"[81,127,119,166]"
9190,0.6640766,"[108,148,140,183]"
9200,0.53104573,"[128,145,158,176]"
9210,0.5355976,"[85,128,133,164]"
9220,0.5925313,"[239,138,282,172]"
9230,0.32968378,"[361,124,385,160]"
9240,0.37865195,"[162,257,218,306]"
9250,0.61116725,"[330,239,364,271]"
9260,0.33655548,"[311,119,349,150]"
9270,0.39415336,"[97,117,122,140]"
9280,0.4011725,"[2,127,46,171]"
9290,0.37805498,"[28,7,75,43]"
9300,0.32942382,"[7,16,51,53]"
9310,0.36625218,"[0,144,35,188]"
9320,0.35559592,"[36,137,66,176]"
9330,0.5393621,"[27,131,70,175]"
9340,0.44738206,"[9,123,57,172]"
9350,0.35536638,"[75,214,115,252]"
9360,0.40733555,"[42,123,96,180]"
9370,0.3571246,"[124,140,156,176]"
9380,0.39957023,"[67,133,127,198]"
9390,0.4418333,"[67,133,127,198]"
9400,0.4664461,"[70,134,129,198]"
9410,0.43257385,"[127,152,159,187]"
9420,0.4238623,"[111,154,142,187]"
9430,0.4966324,"[167,216,204,271]"
9440,0.57296365,"[296,170,330,202]"
9450,0.53902453,"[332,195,368,232]"
9460,0.5660207,"[294,168,332,205]"
9470,0.35322163,"[271,89,292,129]"
9480,0.42423323,"[22,128,64,170]"
9490,0.47675255,"[108,128,153,174]"
9500,0.36825472,"[146,146,175,177]"
9510,0.44010717,"[82,135,139,192]"
9520,0.39082935,"[154,142,186,177]"
9530,0.44541234,"[150,139,183,174]"
9540,0.4645748,"[146,141,177,175]"
9550,0.40702245,"[88,126,146,185]"
9560,0.42520764,"[76,127,133,184]"
9570,0.47804433,"[62,131,120,192]"
9580,0.48774227,"[56,136,116,198]"
9590,0.4088108,"[59,139,120,203]"
9600,0.44935444,"[117,151,150,188]"
9610,0.4276288,"[18,136,73,194]"
9620,0.291053,"[14,129,44,156]"
9630,0.3190285,"[92,215,186,317]"
9640,0.47102633,"[325,164,397,226]"
9650,0.64819604,"[280,144,320,176]"
9660,0.5307443,"[245,159,291,196]"
9670,0.6700891,"[216,156,271,200]"
9680,0.7229587,"[202,146,262,193]"
9690,0.69036496,"[192,145,253,193]"
9700,0.7212308,"[181,140,242,189]"
9710,0.66108197,"[129,130,194,182]"
9720,0.65573615,"[110,122,178,178]"
9730,0.70840526,"[92,82,165,142]"
9740,0.68821067,"[103,92,170,145]"
9750,0.71090555,"[135,109,199,159]"
9760,0.71204025,"[162,123,224,171]"
9770,0.7078297,"[175,130,237,179]"
9780,0.756743,"[190,130,253,182]"
9790,0.74506414,"[212,133,274,184]"
9800,0.6207566,"[241,129,299,179]"
9810,0.65268946,"[236,121,294,169]"
9820,0.7375896,"[223,114,283,162]"
9830,0.74326766,"[213,120,271,167]"
9840,0.76209956,"[208,127,264,173]"
9850,0.7794681,"[204,130,260,177]"
9860,0.717475,"[204,128,261,174]"
9870,0.6774565,"[211,126,270,175]"
9880,0.77178454,"[217,127,276,175]"
9890,0.7805118,"[215,121,275,169]"
9900,0.72806466,"[213,124,272,172]"
9910,0.77025414,"[201,81,270,137]"
9920,0.75726944,"[172,37,253,98]"
9930,0.77770275,"[186,43,267,106]"
9940,0.79862624,"[201,50,279,113]"
9950,0.7878717,"[194,58,270,118]"
9960,0.771653,"[185,59,261,119]"
9970,0.75147563,"[160,72,234,129]"
9980,0.7604282,"[160,80,233,137]"
9990,0.7324398,"[200,84,268,138]"
10000,0.76996356,"[228,89,291,143]"
10010,0.7713749,"[223,92,287,146]"
10020,0.74666107,"[219,78,287,133]"
10030,0.7664594,"[211,78,279,133]"
10040,0.71955335,"[179,91,245,142]"
10050,0.7502714,"[177,96,241,147]"
10060,0.698484,"[176,100,240,149]"
10070,0.7777871,"[143,98,208,149]"
10080,0.7171041,"[96,99,160,148]"
10090,0.68382597,"[76,98,137,145]"
10100,0.5908091,"[84,91,146,135]"
10110,0.6023437,"[85,90,148,138]"
10120,0.67144144,"[89,94,151,140]"
10130,0.61885744,"[107,116,167,166]"
10140,0.6701548,"[134,140,192,186]"
10150,0.68074787,"[137,135,199,184]"
10160,0.70301193,"[82,158,144,209]"
10170,0.5013878,"[61,169,121,220]"
10180,0.72470415,"[154,148,214,198]"
10190,0.5986327,"[226,158,286,212]"
10200,0.47422168,"[304,184,408,302]"
10210,0.49789178,"[308,185,406,294]"
10220,0.40638626,"[221,130,272,179]"
10230,0.56332475,"[60,178,120,228]"
10240,0.594533,"[57,176,113,223]"
10250,0.62333435,"[113,159,170,205]"
10260,0.6780254,"[195,144,254,192]"
10270,0.4575903,"[249,142,347,232]"
10280,0.57777977,"[170,95,209,137]"
10290,0.5985473,"[264,124,319,176]"
10300,0.53794277,"[255,119,312,173]"
10310,0.6830401,"[252,120,310,173]"
10320,0.65316015,"[131,87,173,131]"
10330,0.6222084,"[243,122,301,174]"
10340,0.72522163,"[220,120,280,171]"
10350,0.6959229,"[87,99,128,142]"
10360,0.7333334,"[225,131,282,182]"
10370,0.4468541,"[264,104,302,143]"
10380,0.50966156,"[315,111,344,133]"
10390,0.5965226,"[6,252,78,305]"
10400,0.37166414,"[15,231,92,269]"
10410,0.37925652,"[36,271,121,319]"
10420,0.42557812,"[300,70,424,271]"
10430,0.40184313,"[92,33,149,68]"
10440,0.41368657,"[145,253,212,318]"
10450,0.4576105,"[92,110,144,162]"
10460,0.41102618,"[112,91,169,150]"
10470,0.4376137,"[161,118,192,151]"
10480,0.48206988,"[98,105,155,162]"
10490,0.3941998,"[136,132,167,165]"
10500,0.46166864,"[108,135,140,169]"
10510,0.41842312,"[32,154,65,189]"
10520,0.42366603,"[239,135,316,187]"
10530,0.32669592,"[236,189,276,250]"
10540,0.46376473,"[365,233,398,275]"
10550,0.402153,"[374,251,424,317]"
10560,0.43954444,"[233,199,269,241]"
10570,0.41341037,"[282,150,309,171]"
10580,0.58073074,"[263,167,295,192]"
10590,0.44039977,"[268,172,302,203]"
10600,0.47960746,"[93,226,165,297]"
10610,0.47635198,"[28,106,70,152]"
10620,0.6676926,"[228,127,269,160]"
10630,0.73173743,"[163,125,214,165]"
10640,0.58160996,"[147,127,207,175]"
10650,0.6528861,"[155,139,219,192]"
10660,0.6142776,"[243,159,303,216]"
10670,0.5941355,"[349,191,394,250]"
10680,0.423804,"[162,129,192,154]"
10690,0.52599806,"[288,141,340,195]"
10700,0.506372,"[265,131,320,187]"
10710,0.44988438,"[89,134,134,180]"
10720,0.41289094,"[67,152,360,318]"
10730,0.48657903,"[355,173,421,255]"
10740,0.48829812,"[350,179,421,259]"
10750,0.45036817,"[93,148,136,192]"
10760,0.4052665,"[266,154,316,205]"
10770,0.4399491,"[263,149,314,200]"
10780,0.48184028,"[156,126,203,174]"
10790,0.64371884,"[237,136,286,182]"
10800,0.7354253,"[219,152,273,200]"
10810,0.7142269,"[214,163,274,214]"
10820,0.7535579,"[221,142,285,197]"
10830,0.77659225,"[247,123,311,180]"
10840,0.70670927,"[262,129,322,184]"
10850,0.70770144,"[265,130,325,185]"
10860,0.67662865,"[268,132,327,187]"
10870,0.5872092,"[272,136,330,191]"
10880,0.6148841,"[271,133,330,189]"
10890,0.69033796,"[271,133,331,190]"
10900,0.69965714,"[276,136,336,194]"
10910,0.58221596,"[279,137,338,196]"
10920,0.6209999,"[278,136,338,196]"
10930,0.556,"[274,135,335,195]"
10940,0.5629717,"[272,135,333,195]"
10950,0.5694748,"[268,136,329,195]"
10960,0.45352525,"[269,139,329,197]"
10970,0.6967972,"[256,128,319,186]"
10980,0.7072468,"[59,121,105,170]"
10990,0.75468636,"[181,124,249,180]"
11000,0.77880555,"[220,132,286,191]"
11010,0.59287125,"[266,137,328,197]"
11020,0.53492785,"[275,141,335,200]"
11030,0.61190444,"[277,141,337,202]"
11040,0.73717153,"[276,143,337,205]"
11050,0.52977055,"[274,142,336,204]"
11060,0.46701595,"[127,116,176,166]"
11070,0.46565235,"[272,142,334,205]"
11080,0.5775357,"[271,143,334,205]"
11090,0.5086497,"[270,141,333,203]"
11100,0.62332267,"[269,140,332,202]"
11110,0.49515605,"[271,142,332,203]"
11120,0.55270576,"[270,143,332,203]"
11130,0.39190376,"[269,140,331,200]"
11140,0.56116915,"[270,140,331,200]"
11150,0.3998534,"[354,215,390,248]"
11160,0.6181926,"[265,139,327,199]"
11170,0.53894895,"[266,141,328,201]"
11180,0.7135546,"[258,132,322,193]"
11190,0.80724776,"[201,121,269,180]"
11200,0.7962918,"[162,122,231,178]"
11210,0.6350868,"[177,125,246,182]"
11220,0.7206075,"[243,134,308,193]"
11230,0.6461987,"[276,142,337,201]"
11240,0.6125912,"[278,111,341,174]"
11250,0.7708443,"[274,81,341,146]"
11260,0.68890333,"[276,79,342,145]"
11270,0.5365078,"[278,91,343,153]"
11280,0.7317831,"[280,95,344,158]"
11290,0.6604997,"[282,76,347,141]"
11300,0.7123495,"[280,68,346,134]"
11310,0.7186568,"[285,61,352,129]"
11320,0.62430066,"[120,50,174,104]"
11330,0.70137906,"[273,85,340,151]"
11340,0.7863267,"[274,80,342,145]"
11350,0.7064122,"[272,79,338,143]"
11360,0.73670113,"[270,40,342,108]"
11370,0.7052803,"[269,42,341,109]"
11380,0.71945786,"[273,43,344,111]"
11390,0.78581196,"[273,50,344,117]"
11400,0.78935283,"[270,56,340,123]"
11410,0.75210816,"[189,58,266,122]"
11420,0.7726006,"[133,67,212,128]"
11430,0.81980973,"[121,73,201,137]"
11440,0.81270534,"[127,79,206,141]"
11450,0.6777416,"[212,111,277,169]"
11460,0.5635159,"[302,155,388,244]"
11470,0.43634138,"[354,197,421,283]"
11480,0.3836739,"[137,132,168,162]"
11490,0.43175218,"[357,182,422,261]"
11500,0.4212634,"[101,128,146,171]"
11510,0.51418173,"[257,137,307,188]"
11520,0.44057155,"[264,150,312,200]"
11530,0.42426237,"[156,142,199,180]"
11540,0.5312802,"[169,144,214,183]"
11550,0.44356298,"[185,157,229,197]"
11560,0.41778824,"[121,134,173,214]"
11570,0.51883584,"[199,172,241,210]"
11580,0.4206156,"[181,169,225,199]"
11590,0.47664887,"[155,160,198,199]"
11600,0.37881517,"[54,168,92,210]"
11610,0.7813893,"[222,143,269,183]"
11620,0.75912106,"[154,139,206,179]"
11630,0.7493788,"[125,150,181,192]"
11640,0.78063965,"[117,159,178,208]"
11650,0.75629514,"[103,166,166,219]"
11660,0.7669244,"[91,168,152,220]"
11670,0.5931605,"[114,158,175,208]"
11680,0.7161153,"[124,151,186,202]"
11690,0.59040815,"[111,145,177,200]"
11700,0.55774873,"[100,139,168,197]"
11710,0.5636517,"[112,134,179,191]"
11720,0.677348,"[133,134,200,188]"
11730,0.6150724,"[120,133,187,188]"
11740,0.5915932,"[103,125,169,180]"
11750,0.664819,"[97,125,162,178]"
11760,0.55971014,"[101,126,164,179]"
11770,0.64351577,"[91,70,164,126]"
11780,0.7450191,"[87,47,161,107]"
11790,0.73199445,"[89,58,163,117]"
11800,0.7614189,"[98,57,170,112]"
11810,0.7061173,"[116,47,182,94]"
11820,0.7132369,"[127,29,194,75]"
11830,0.73160046,"[144,21,210,62]"
11840,0.6628066,"[146,18,211,58]"
11850,0.62244904,"[132,20,198,65]"
11860,0.6548674,"[124,25,189,66]"
11870,0.6485693,"[125,30,189,70]"
11880,0.7203137,"[130,30,195,72]"
11890,0.68880266,"[139,48,202,90]"
11900,0.6891698,"[141,77,203,123]"
11910,0.6802551,"[158,100,222,151]"
11920,0.7106614,"[164,99,230,152]"
11930,0.7391528,"[149,98,214,149]"
11940,0.68034434,"[139,98,205,150]"
11950,0.71261615,"[130,99,199,152]"
11960,0.7104947,"[131,96,199,150]"
11970,0.6900004,"[129,95,197,149]"
11980,0.64196724,"[128,96,197,150]"
11990,0.6362096,"[127,91,196,147]"
12000,0.6788809,"[124,92,194,147]"
12010,0.6588175,"[127,94,196,149]"
12020,0.6173964,"[163,97,231,150]"
12030,0.66203296,"[191,106,255,158]"
12040,0.6750588,"[213,113,275,165]"
12050,0.7301718,"[215,109,277,161]"
12060,0.6501236,"[216,96,280,150]"
12070,0.70853716,"[212,108,274,161]"
12080,0.6111684,"[214,123,275,174]"
12090,0.70537436,"[214,128,275,180]"
12100,0.60210514,"[218,117,280,170]"
12110,0.59153265,"[215,78,282,134]"
12120,0.6788814,"[82,65,128,112]"
12130,0.65534174,"[207,93,273,148]"
12140,0.7024748,"[78,76,124,123]"
12150,0.57613444,"[197,103,262,157]"
12160,0.70075923,"[60,88,103,132]"
12170,0.51422185,"[138,104,205,158]"
12180,0.6902193,"[119,97,186,148]"
12190,0.6677794,"[128,93,194,144]"
12200,0.63281566,"[129,93,195,144]"
12210,0.656,"[132,96,198,147]"
12220,0.71959436,"[138,94,204,146]"
12230,0.66734827,"[165,95,231,147]"
12240,0.72241527,"[87,73,130,114]"
12250,0.7260117,"[212,115,273,168]"
12260,0.6479813,"[210,120,271,172]"
12270,0.6574218,"[199,128,259,178]"
12280,0.5393358,"[196,130,256,180]"
12290,0.7187931,"[197,127,257,176]"
12300,0.58452857,"[200,133,258,182]"
12310,0.62245566,"[67,104,108,146]"
12320,0.66675395,"[114,139,171,190]"
12330,0.6790515,"[107,141,163,194]"
12340,0.6902918,"[115,143,173,196]"
12350,0.7008335,"[126,144,185,197]"
12360,0.7069842,"[129,141,188,195]"
12370,0.6294178,"[128,138,187,193]"
12380,0.6491529,"[127,138,186,193]"
12390,0.67440414,"[134,134,194,188]"
12400,0.59767133,"[149,136,209,189]"
12410,0.58289963,"[168,148,226,198]"
12420,0.6576369,"[176,162,233,211]"
12430,0.6429682,"[181,158,237,206]"
12440,0.6856304,"[177,162,233,207]"
12450,0.7266639,"[176,156,232,202]"
12460,0.7166019,"[176,157,232,203]"
12470,0.62704104,"[175,161,231,206]"
12480,0.7439674,"[174,161,231,206]"
12490,0.7214621,"[174,159,230,204]"
12500,0.7425789,"[174,158,231,204]"
12510,0.62609065,"[173,159,229,205]"
12520,0.6315088,"[170,157,228,203]"
12530,0.5975836,"[169,156,226,203]"
12540,0.59272885,"[167,155,225,202]"
12550,0.6088645,"[169,155,227,202]"
12560,0.5160581,"[170,155,228,202]"
12570,0.6187353,"[67,122,107,164]"
12580,0.61270493,"[169,150,228,199]"
12590,0.5892449,"[169,148,228,196]"
12600,0.61963075,"[167,146,226,194]"
12610,0.6330846,"[167,146,227,195]"
12620,0.6408671,"[170,146,230,195]"
12630,0.55272156,"[177,148,236,197]"
12640,0.65954024,"[187,151,245,201]"
12650,0.678614,"[186,151,245,201]"
12660,0.623478,"[180,148,239,198]"
12670,0.58106035,"[138,145,199,195]"
12680,0.53656936,"[136,153,197,202]"
12690,0.60079116,"[132,113,173,154]"
12700,0.48090276,"[235,156,273,196]"
12710,0.4859111,"[189,158,222,181]"
12720,0.4510824,"[59,196,121,251]"
12730,0.4833945,"[48,228,114,293]"
12740,0.43090156,"[39,255,111,318]"
12750,0.41300502,"[329,234,370,276]"
12760,0.5580967,"[320,222,361,263]"
12770,0.38123155,"[166,191,190,215]"
12780,0.48968068,"[97,183,341,318]"
12790,0.64675695,"[116,148,155,189]"
12800,0.7396188,"[36,160,75,202]"
12810,0.74740815,"[110,157,166,198]"
12820,0.6862049,"[85,164,146,212]"
12830,0.6345868,"[91,146,153,195]"
12840,0.6642625,"[108,132,169,180]"
12850,0.6637853,"[121,126,183,175]"
12860,0.7140236,"[133,122,194,171]"
12870,0.68823576,"[157,122,217,171]"
12880,0.66292775,"[195,125,254,174]"
12890,0.59103966,"[221,139,279,190]"
12900,0.6759244,"[207,137,269,189]"
12910,0.50768596,"[169,126,232,177]"
12920,0.5627262,"[138,118,199,168]"
12930,0.66578305,"[129,101,190,147]"
12940,0.70678085,"[120,88,179,131]"
12950,0.57907426,"[116,75,174,117]"
12960,0.70043737,"[120,70,179,111]"
12970,0.59300894,"[132,67,192,109]"
12980,0.68569165,"[129,63,189,106]"
12990,0.61118937,"[113,63,174,105]"
13000,0.6707851,"[100,62,161,105]"
13010,0.7083879,"[98,63,160,107]"
13020,0.73408926,"[96,61,159,105]"
13030,0.63892496,"[96,60,159,104]"
13040,0.7036196,"[92,59,155,103]"
13050,0.69382584,"[92,59,154,104]"
13060,0.627999,"[117,70,179,114]"
13070,0.70625407,"[148,88,208,133]"
13080,0.7126125,"[166,120,223,166]"
13090,0.6331153,"[172,140,230,188]"
13100,0.42885888,"[118,215,153,244]"
13110,0.543189,"[186,140,247,193]"
13120,0.58474314,"[189,140,250,194]"
13130,0.7001903,"[206,142,267,195]"
13140,0.5911896,"[203,142,264,193]"
13150,0.54753673,"[194,131,255,182]"
13160,0.54810005,"[185,119,248,171]"
13170,0.5836191,"[204,56,274,113]"
13180,0.6242657,"[214,40,284,97]"
13190,0.65261364,"[210,48,279,103]"
13200,0.71306413,"[207,59,275,113]"
13210,0.6472867,"[208,61,275,114]"
13220,0.71591365,"[205,65,271,118]"
13230,0.6936692,"[199,69,264,120]"
13240,0.6987587,"[203,73,269,123]"
13250,0.70950556,"[206,71,272,122]"
13260,0.7297307,"[205,74,269,124]"
13270,0.65515924,"[200,75,266,125]"
13280,0.63354135,"[201,76,266,125]"
13290,0.7111362,"[199,76,264,125]"
13300,0.7150092,"[197,78,262,129]"
13310,0.66051054,"[198,84,262,134]"
13320,0.7132238,"[199,86,262,136]"
13330,0.6668378,"[198,89,261,140]"
13340,0.716071,"[195,101,257,150]"
13350,0.7279887,"[194,106,256,155]"
13360,0.6446418,"[197,108,257,157]"
13370,0.67618406,"[199,107,261,156]"
13380,0.7317427,"[202,100,265,151]"
13390,0.6567521,"[203,98,267,150]"
13400,0.680635,"[202,102,265,154]"
13410,0.7111796,"[203,106,266,158]"
13420,0.6832539,"[203,107,266,158]"
13430,0.58606124,"[209,109,271,161]"
13440,0.65165204,"[211,111,273,162]"
13450,0.6219307,"[215,109,276,161]"
13460,0.675201,"[210,82,277,137]"
13470,0.6385635,"[210,89,276,143]"
13480,0.5585917,"[210,91,275,143]"
13490,0.6515077,"[203,98,267,150]"
13500,0.7015583,"[194,98,260,150]"
13510,0.69594973,"[191,98,257,150]"
13520,0.6763874,"[191,99,257,151]"
13530,0.7133215,"[198,103,264,155]"
13540,0.7070639,"[210,114,274,167]"
13550,0.6984203,"[203,119,271,175]"
13560,0.6813439,"[188,117,264,179]"
13570,0.5815369,"[175,104,254,170]"
13580,0.54985505,"[190,108,261,167]"
13590,0.61691135,"[207,114,272,168]"
13600,0.5236467,"[206,114,270,167]"
13610,0.6130481,"[94,78,138,121]"
13620,0.7090715,"[204,111,269,165]"
13630,0.6356328,"[199,110,264,162]"
13640,0.58046466,"[172,107,237,159]"
13650,0.57700515,"[155,108,221,160]"
13660,0.6416401,"[144,101,211,152]"
13670,0.6716322,"[140,98,209,151]"
13680,0.6887864,"[139,98,208,151]"
13690,0.68444675,"[138,98,207,151]"
13700,0.6795454,"[138,97,209,151]"
13710,0.65721965,"[137,98,208,153]"
13720,0.72798985,"[136,99,207,153]"
13730,0.6581146,"[137,97,207,151]"
13740,0.68284017,"[139,96,209,150]"
13750,0.5835466,"[160,103,227,155]"
13760,0.5960409,"[226,128,282,177]"
13770,0.60813296,"[154,103,195,146]"
13780,0.55742717,"[110,97,155,144]"
13790,0.5915738,"[62,108,106,155]"
13800,0.5798872,"[169,141,231,192]"
13810,0.51082957,"[126,120,168,162]"
13820,0.5163123,"[222,142,262,185]"
13830,0.4193033,"[299,191,345,239]"
13840,0.45434076,"[48,194,120,258]"
13850,0.37632236,"[363,186,412,239]"
13860,0.42442045,"[205,135,249,176]"
13870,0.53141105,"[170,142,214,181]"
13880,0.41258228,"[69,168,306,310]"
13890,0.4137628,"[76,114,118,159]"
13900,0.6609946,"[64,104,104,145]"
13910,0.7049067,"[66,94,107,136]"
13920,0.72438884,"[67,99,109,143]"
13930,0.7073293,"[71,100,113,144]"
13940,0.520249,"[76,102,118,144]"
13950,0.52644616,"[193,122,253,170]"
13960,0.67457116,"[201,119,262,170]"
13970,0.6607905,"[210,103,275,156]"
13980,0.60713387,"[209,101,275,155]"
13990,0.64669967,"[210,86,280,144]"
14000,0.5817341,"[209,73,283,134]"
14010,0.69199485,"[207,69,282,130]"
14020,0.6469497,"[208,73,283,135]"
14030,0.59602773,"[208,72,282,133]"
14040,0.6318752,"[195,30,276,91]"
14050,0.6218681,"[189,1,275,61]"
14060,0.6612814,"[201,13,284,75]"
14070,0.5034752,"[213,0,299,63]"
14080,0.4979141,"[217,0,305,51]"
14090,0.62755454,"[211,2,296,65]"
14100,0.7077516,"[207,24,287,85]"
14110,0.689653,"[205,40,279,96]"
14120,0.6999378,"[201,52,272,107]"
14130,0.688793,"[197,71,266,125]"
14140,0.57419324,"[191,75,259,128]"
14150,0.6824552,"[198,82,265,134]"
14160,0.67068,"[195,81,262,134]"
14170,0.66163427,"[182,83,250,134]"
14180,0.69086087,"[170,85,238,136]"
14190,0.5773328,"[160,84,228,135]"
14200,0.67735606,"[171,90,239,141]"
14210,0.68369293,"[185,97,251,148]"
14220,0.65443665,"[194,97,258,148]"
14230,0.6254707,"[200,97,266,150]"
14240,0.7001393,"[203,97,270,151]"
14250,0.6538331,"[200,95,267,150]"
14260,0.65953296,"[201,98,267,153]"
14270,0.63615054,"[202,94,270,148]"
14280,0.6667559,"[201,92,270,147]"
14290,0.6544921,"[196,91,265,147]"
14300,0.6452565,"[199,94,268,149]"
14310,0.6433462,"[199,95,267,150]"
14320,0.70163816,"[196,94,263,147]"
14330,0.66408354,"[201,100,266,152]"
14340,0.6227632,"[205,94,270,144]"
14350,0.65901446,"[197,91,262,141]"
14360,0.6784572,"[196,92,261,142]"
14370,0.61839134,"[194,94,259,144]"
14380,0.60489106,"[199,93,263,143]"
14390,0.6740229,"[218,96,280,147]"
14400,0.629311,"[125,60,167,103]"
